001 2.7750E+01 3.7500E-01 1.0681E-03
002 2.8750E+01 3.5938E-01 8.5449E-04
003 3.8500E+01 7.8125E-03 5.7983E-04
004 3.7750E+01 -1.9531E-02 1.4648E-03
005 4.1500E+01 -7.8125E-03 -2.7466E-04
006 5.0250E+01 -3.9063E-02 -1.6785E-03
007 5.1250E+01 3.1250E-02 -4.3335E-03
008 5.0250E+01 4.2969E-02 -4.6387E-03
009 4.8250E+01 8.5938E-02 -3.9368E-03
010 4.3750E+01 5.0781E-02 -2.1057E-03
011 4.4500E+01 3.5156E-02 -2.0142E-03
012 4.0250E+01 4.2969E-02 -8.8501E-04
013 3.7000E+01 1.3672E-01 3.0518E-04
014 3.7500E+01 1.1719E-01 -6.1035E-04
015 3.6500E+01 1.4844E-01 3.9673E-04
016 3.9750E+01 1.3281E-01 -1.4954E-03
017 3.8750E+01 1.4844E-01 -3.3569E-04
018 4.4000E+01 7.4219E-02 -2.1973E-03
019 3.4750E+01 1.2109E-01 6.7139E-04
020 4.0750E+01 1.0938E-01 -2.1362E-03
021 4.2000E+01 9.3750E-02 -3.1738E-03
022 4.5750E+01 9.3750E-02 -4.2725E-03
023 4.1000E+01 1.0938E-01 -2.1667E-03
024 4.6000E+01 1.2109E-01 -2.0142E-03
025 6.5750E+01 1.6406E-01 -7.4158E-03
026 5.1750E+01 1.1719E-01 -3.0212E-03
027 4.8500E+01 1.3281E-01 -2.9297E-03
028 4.7500E+01 1.5234E-01 -3.6621E-03
029 4.8000E+01 1.2109E-01 -3.6926E-03
030 3.7500E+01 1.0156E-01 9.1553E-05
031 4.3000E+01 1.0547E-01 -2.2583E-03
032 3.2750E+01 8.2031E-02 2.9297E-03
033 4.5750E+01 1.6406E-01 6.7139E-04
034 4.4000E+01 1.0156E-01 6.1035E-05
035 4.3750E+01 7.4219E-02 -2.1057E-03
036 4.4250E+01 6.6406E-02 4.8828E-04
037 4.7250E+01 8.5938E-02 -3.7537E-03
038 4.4750E+01 8.9844E-02 -2.4109E-03
039 4.3000E+01 1.6016E-01 -7.0190E-04
040 3.6500E+01 1.3672E-01 1.9531E-03
041 5.3500E+01 1.5234E-01 -3.9673E-03
042 5.2000E+01 1.8359E-01 -4.0283E-03
043 4.0250E+01 1.2500E-01 -8.2397E-04
044 4.6000E+01 1.5625E-01 -3.3569E-04
045 4.3750E+01 1.5234E-01 6.1035E-04
046 4.5250E+01 1.6406E-01 3.9673E-04
047 5.1750E+01 1.4063E-01 -1.4954E-03
048 4.5250E+01 1.2109E-01 6.1035E-04
049 4.7750E+01 1.0938E-01 -6.7139E-04
050 4.6250E+01 1.2109E-01 2.4414E-03
051 4.2250E+01 1.4453E-01 2.7466E-03
052 3.7250E+01 9.3750E-02 3.7231E-03
053 3.8500E+01 1.0938E-01 5.5847E-03
054 4.3750E+01 1.0156E-01 3.6011E-03
055 4.3500E+01 1.4453E-01 2.1362E-03
056 3.7000E+01 1.2109E-01 4.6387E-03
057 3.7500E+01 1.4453E-01 4.6387E-03
058 3.3750E+01 1.1328E-01 5.9814E-03
059 3.6250E+01 8.5938E-02 5.8594E-03
060 4.9000E+01 1.9922E-01 1.6479E-03
061 5.2250E+01 2.0313E-01 -1.4954E-03
062 5.1500E+01 1.3672E-01 -3.8452E-03
063 4.7500E+01 1.1328E-01 -3.2349E-03
064 4.0500E+01 5.8594E-02 6.1035E-04
065 5.0250E+01 1.4063E-01 -3.4485E-03
066 4.7750E+01 7.0313E-02 -1.0681E-03
067 4.6750E+01 1.2109E-01 -1.0376E-03
068 5.4500E+01 1.5234E-01 -4.6692E-03
069 4.5000E+01 5.4688E-02 -1.0376E-03
070 4.4000E+01 9.7656E-02 3.3569E-04
071 4.6000E+01 8.2031E-02 -5.1880E-04
072 4.4250E+01 1.0938E-01 1.0071E-03
073 2.9500E+01 1.4453E-01 6.9275E-03
074 3.5500E+01 1.4063E-01 5.0049E-03
075 4.4250E+01 1.9141E-01 1.0986E-03
076 3.9500E+01 8.2031E-02 2.3499E-03
077 5.6500E+01 2.2656E-01 -3.9673E-03
078 4.9750E+01 2.0313E-01 -2.3804E-03
079 4.0500E+01 9.7656E-02 8.2397E-04
080 3.2000E+01 1.1328E-01 4.9744E-03
081 3.9750E+01 1.4453E-01 2.9907E-03
082 3.8250E+01 1.3281E-01 3.9063E-03
083 3.4500E+01 1.2891E-01 5.4016E-03
084 3.3750E+01 1.3672E-01 5.0659E-03
085 2.3500E+01 1.3672E-01 9.7656E-03
086 3.1500E+01 1.2109E-01 8.7280E-03
087 3.0500E+01 8.2031E-02 7.8430E-03
088 3.3250E+01 2.1094E-01 6.5308E-03
089 3.3500E+01 1.5625E-01 6.2561E-03
090 3.5500E+01 1.5234E-01 4.8218E-03
091 3.7000E+01 1.7188E-01 4.0894E-03
092 3.1250E+01 3.9063E-02 6.8359E-03
093 2.9500E+01 -7.8125E-03 9.6130E-03
094 3.4750E+01 -3.9063E-03 8.6060E-03
095 3.7250E+01 2.3438E-02 6.6223E-03
096 4.3750E+01 7.8125E-03 4.2419E-03
097 3.7500E+01 -3.9063E-03 5.8289E-03
098 2.9750E+01 -7.8125E-02 1.0193E-02
099 4.2750E+01 0.0000E+00 5.5847E-03
100 4.0000E+01 2.7344E-02 6.4392E-03
101 4.5500E+01 2.3438E-02 4.2114E-03
102 4.2500E+01 7.0313E-02 5.8899E-03
103 4.2750E+01 -1.9531E-02 5.7678E-03
104 4.3250E+01 5.0781E-02 5.9509E-03
105 3.0750E+01 5.8594E-02 9.6741E-03
106 3.8000E+01 0.0000E+00 8.7891E-03
107 3.3750E+01 3.5156E-02 9.5520E-03
108 3.1750E+01 3.5156E-02 1.0529E-02
109 3.4750E+01 8.2031E-02 8.6365E-03
110 2.8250E+01 6.6406E-02 1.1566E-02
111 2.6000E+01 7.8125E-02 1.2573E-02
112 2.4500E+01 6.2500E-02 1.2665E-02
113 2.8000E+01 4.6875E-02 1.1841E-02
114 2.8000E+01 7.4219E-02 1.0986E-02
115 3.0000E+01 6.6406E-02 9.7046E-03
116 2.6750E+01 -3.9063E-03 1.1078E-02
117 2.4250E+01 -7.8125E-03 1.1993E-02
118 2.9250E+01 8.5938E-02 1.0315E-02
119 3.3750E+01 8.5938E-02 8.0261E-03
120 2.6000E+01 1.2500E-01 1.1108E-02
121 2.9250E+01 7.0313E-02 9.7046E-03
122 3.1250E+01 1.1719E-02 1.0254E-02
123 3.5500E+01 -5.8594E-02 8.8196E-03
124 3.4000E+01 -9.7656E-02 8.1177E-03
125 3.6750E+01 -5.8594E-02 8.4839E-03
126 3.8000E+01 -5.8594E-02 7.9651E-03
127 3.5250E+01 -2.3438E-02 8.7280E-03
128 3.7000E+01 -1.5625E-02 9.2468E-03
129 3.1750E+01 1.1719E-02 9.7046E-03
130 3.5250E+01 5.0781E-02 9.5825E-03
131 3.5000E+01 -3.9063E-03 9.0332E-03
132 3.7750E+01 -3.5156E-02 1.0071E-02
133 3.9750E+01 -7.8125E-02 7.2937E-03
134 3.3750E+01 3.9063E-03 8.3923E-03
135 3.8500E+01 -5.0781E-02 8.5754E-03
136 4.1000E+01 2.7344E-02 7.1716E-03
137 4.1750E+01 1.0547E-01 6.9580E-03
138 3.9750E+01 7.0313E-02 6.8665E-03
139 3.5000E+01 8.5938E-02 8.3008E-03
140 3.1500E+01 8.2031E-02 8.0566E-03
141 3.0500E+01 9.7656E-02 8.9417E-03
142 2.7250E+01 5.8594E-02 9.3994E-03
143 2.7500E+01 7.8125E-02 9.7961E-03
144 2.5000E+01 8.5938E-02 1.0956E-02
145 2.5750E+01 -1.1719E-02 9.4910E-03
146 2.5750E+01 1.5625E-02 9.0332E-03
147 2.3500E+01 5.8594E-02 9.3689E-03
148 2.3500E+01 1.3281E-01 1.0773E-02
149 3.2000E+01 4.6875E-02 7.6599E-03
150 3.4000E+01 -3.5156E-02 7.7515E-03
151 2.7500E+01 1.5625E-02 8.4534E-03
152 2.6250E+01 7.8125E-02 8.5144E-03
153 2.7750E+01 -3.5156E-02 9.2773E-03
154 2.8000E+01 -2.7344E-02 9.4910E-03
155 2.8250E+01 -7.8125E-03 9.4299E-03
156 2.8250E+01 -1.1719E-02 1.0742E-02
157 4.0250E+01 5.0781E-02 8.1177E-03
158 2.8500E+01 7.8125E-03 1.1169E-02
159 3.0000E+01 3.9063E-02 1.1414E-02
160 3.1750E+01 1.1328E-01 1.0773E-02
161 3.3500E+01 -5.0781E-02 9.4910E-03
162 3.0500E+01 -2.7344E-02 8.5754E-03
163 2.9500E+01 4.2969E-02 9.8572E-03
164 3.0750E+01 7.4219E-02 1.0254E-02
165 3.0750E+01 8.2031E-02 9.2163E-03
166 3.1250E+01 8.2031E-02 1.0529E-02
167 3.0000E+01 1.4063E-01 1.0925E-02
168 2.4500E+01 6.2500E-02 1.2054E-02
169 2.1750E+01 2.7344E-02 1.1841E-02
170 2.2250E+01 4.2969E-02 1.1902E-02
171 2.2250E+01 4.2969E-02 1.1902E-02
172 2.2250E+01 4.2969E-02 1.1902E-02
173 2.3750E+01 -2.7344E-02 1.1139E-02
174 2.3750E+01 -2.7344E-02 1.1139E-02
175 2.3750E+01 -2.7344E-02 1.1139E-02
176 2.3750E+01 -2.7344E-02 1.1139E-02
177 2.3750E+01 -2.7344E-02 1.1139E-02
178 2.5000E+01 5.0781E-02 1.3214E-02
179 2.5000E+01 5.0781E-02 1.3214E-02
180 2.5000E+01 5.0781E-02 1.3214E-02
181 2.5000E+01 5.0781E-02 1.3214E-02
182 2.5000E+01 5.0781E-02 1.3214E-02
183 3.0750E+01 8.9844E-02 1.2482E-02
184 5.2750E+01 8.5938E-02 6.1951E-03
185 3.8750E+01 1.7969E-01 9.1858E-03
186 4.3750E+01 1.6406E-01 7.8735E-03
187 4.2000E+01 7.4219E-02 8.1482E-03
188 3.7750E+01 1.0156E-01 9.5520E-03
189 3.4750E+01 1.1328E-01 1.0315E-02
190 4.2000E+01 6.6406E-02 8.6975E-03
191 4.6000E+01 2.7344E-02 7.8125E-03
192 4.8500E+01 3.1250E-02 7.3853E-03
193 4.8500E+01 3.1250E-02 7.3853E-03
194 4.8500E+01 3.1250E-02 7.3853E-03
195 4.8500E+01 3.1250E-02 7.3853E-03
196 4.8500E+01 3.1250E-02 7.3853E-03
197 4.8500E+01 3.1250E-02 7.3853E-03
198 0.0000E+00 0.0000E+00 0.0000E+00
199 3.5000E+01 -5.4688E-02 7.9346E-03
200 2.2500E+01 -1.0156E-01 1.1230E-02
201 2.2000E+01 -9.3750E-02 1.2299E-02
202 2.6500E+01 -1.0938E-01 1.1749E-02
203 2.4250E+01 -9.3750E-02 1.1383E-02
204 3.5250E+01 -1.6797E-01 1.0223E-02
205 2.9000E+01 -1.0156E-01 1.0468E-02
206 2.6500E+01 -9.3750E-02 1.2238E-02
207 3.3000E+01 -3.5156E-02 9.2773E-03
208 2.8500E+01 -8.2031E-02 1.0864E-02
209 3.2250E+01 -1.5625E-02 1.1047E-02
210 3.0750E+01 -7.0313E-02 1.1688E-02
211 3.5000E+01 -5.8594E-02 1.0101E-02
212 2.8000E+01 -7.8125E-03 1.1597E-02
213 3.7250E+01 -8.9844E-02 9.0332E-03
214 3.2500E+01 1.0156E-01 1.0651E-02
215 3.3250E+01 6.2500E-02 9.4604E-03
216 2.4500E+01 1.3281E-01 1.1505E-02
217 2.9000E+01 1.6797E-01 1.0742E-02
218 5.1500E+01 7.8125E-02 9.0637E-03
219 4.4250E+01 1.4063E-01 4.9133E-03
220 3.2500E+01 7.4219E-02 6.5918E-03
221 3.1000E+01 3.9063E-03 8.9722E-03
222 3.6250E+01 5.0781E-02 7.2021E-03
223 3.7500E+01 6.2500E-02 6.9580E-03
224 3.5500E+01 6.6406E-02 7.8735E-03
225 3.0250E+01 4.6875E-02 8.6060E-03
226 3.0000E+01 3.1250E-02 1.0712E-02
227 2.7750E+01 5.0781E-02 9.7961E-03
228 2.8250E+01 4.6875E-02 1.0590E-02
229 3.5500E+01 8.9844E-02 9.3079E-03
230 2.7500E+01 5.0781E-02 1.0895E-02
231 2.6500E+01 3.9063E-02 1.2207E-02
232 3.5250E+01 1.0156E-01 9.1553E-03
233 2.5750E+01 7.4219E-02 1.2360E-02
234 3.4000E+01 1.2109E-01 1.0071E-02
235 3.0000E+01 1.2109E-01 1.0681E-02
236 3.3250E+01 1.0156E-01 9.8267E-03
237 2.4500E+01 1.0156E-01 1.1353E-02
238 3.0250E+01 1.0938E-01 1.1902E-02
239 3.4000E+01 1.1328E-01 9.5825E-03
240 4.0500E+01 8.5938E-02 1.0101E-02
241 3.9500E+01 7.8125E-03 9.4910E-03
242 3.5000E+01 2.7344E-02 9.9487E-03
243 3.8500E+01 6.2500E-02 1.0590E-02
244 4.1500E+01 7.8125E-03 9.2163E-03
245 3.6500E+01 1.0156E-01 7.8735E-03
246 3.3750E+01 1.2109E-01 7.5684E-03
247 2.0250E+01 7.0313E-02 1.0162E-02
248 2.3000E+01 1.1719E-02 1.0437E-02
249 2.4000E+01 4.6875E-02 1.1169E-02
250 2.0250E+01 -1.9531E-02 1.1414E-02
251 1.6250E+01 5.0781E-02 1.3214E-02
252 1.6250E+01 5.0781E-02 1.3214E-02
253 1.7000E+01 1.1719E-02 1.3550E-02
254 2.1250E+01 3.1250E-02 1.2756E-02
255 1.7500E+01 2.7344E-02 1.2970E-02
256 2.8500E+01 3.9063E-02 1.0040E-02
257 2.0000E+01 3.9063E-02 1.2878E-02
258 1.6500E+01 1.5625E-02 1.3397E-02
259 2.0750E+01 2.7344E-02 1.1993E-02
260 1.9500E+01 -3.5156E-02 1.3855E-02
261 2.3000E+01 -2.3438E-02 1.2421E-02
262 2.9000E+01 -2.7344E-02 1.0254E-02
263 2.5750E+01 -6.2500E-02 1.0437E-02
264 2.0500E+01 -2.7344E-02 1.3306E-02
265 1.8000E+01 2.3438E-02 1.5076E-02
266 2.9500E+01 7.0313E-02 1.0590E-02
267 2.8000E+01 2.7344E-02 1.1292E-02
268 2.5250E+01 3.9063E-02 1.4008E-02
269 3.9000E+01 1.1328E-01 8.7891E-03
270 3.4250E+01 8.9844E-02 9.0637E-03
271 2.9750E+01 5.4688E-02 1.1444E-02
272 4.9000E+01 -5.0781E-02 5.0354E-03
273 4.7250E+01 -1.1719E-01 4.6997E-03
274 4.5250E+01 -7.8125E-02 5.0659E-03
275 3.2500E+01 -1.0156E-01 7.5378E-03
276 2.8750E+01 1.5625E-02 5.5237E-03
277 2.8750E+01 1.5625E-02 5.5237E-03
278 1.7750E+01 7.0313E-02 8.6670E-03
279 2.1000E+01 1.5625E-01 7.1106E-03
280 2.2000E+01 5.8594E-02 7.6294E-03
281 2.2000E+01 5.8594E-02 7.6294E-03
282 2.3000E+01 9.7656E-02 6.6223E-03
283 2.2000E+01 5.8594E-02 7.6294E-03
284 2.7000E+01 9.7656E-02 7.4158E-03
285 2.4500E+01 5.4688E-02 8.1177E-03
286 2.4500E+01 5.4688E-02 8.1177E-03
287 2.4500E+01 5.4688E-02 8.1177E-03
288 1.8500E+01 -7.8125E-03 9.9182E-03
289 2.2750E+01 1.1328E-01 7.3547E-03
290 2.0000E+01 4.2969E-02 9.3384E-03
291 2.0000E+01 4.2969E-02 9.3384E-03
292 2.0000E+01 4.2969E-02 9.3384E-03
293 3.7250E+01 1.1328E-01 4.5471E-03
294 2.3000E+01 1.1328E-01 7.8125E-03
295 2.4000E+01 3.9063E-02 7.5989E-03
296 2.5500E+01 3.9063E-02 6.8359E-03
297 3.0750E+01 1.9531E-02 4.7607E-03
298 2.6750E+01 1.1719E-02 7.2021E-03
299 3.1250E+01 3.9063E-02 5.3406E-03
300 2.8250E+01 3.9063E-02 4.9438E-03
301 2.7500E+01 4.6875E-02 4.3640E-03
302 3.5500E+01 2.7344E-02 1.7395E-03
303 3.4750E+01 2.7344E-02 3.4180E-03
304 2.7750E+01 0.0000E+00 6.2256E-03
305 3.0500E+01 5.0781E-02 4.3335E-03
306 3.1500E+01 2.2656E-01 1.4954E-03
307 2.7500E+01 2.1484E-01 3.5706E-03
308 2.7000E+01 1.7969E-01 5.0659E-03
309 3.0250E+01 2.0313E-01 4.4556E-03
310 2.7250E+01 2.3047E-01 4.1809E-03
311 3.2250e+01 1.7188e-01 3.5095e-03
312 3.1750e+01 1.7188e-01 2.3193e-03
313 3.2750e+01 1.6797e-01 2.1362e-03
314 3.4250e+01 1.4844e-01 2.2278e-03
315 3.3750e+01 2.0313e-01 2.8381e-03
316 3.0500e+01 2.2656e-01 2.5635e-03
317 3.5750e+01 1.7969e-01 9.1553e-05
318 2.7500e+01 1.6406e-01 2.8687e-03
319 2.7000e+01 1.4453e-01 3.4790e-03
320 3.5250e+01 1.0938e-01 2.8381e-03
321 3.3500e+01 1.4063e-01 2.5635e-03
322 3.0000e+01 1.0547e-01 2.7466e-03
323 3.3750e+01 8.9844e-02 1.3123e-03
324 3.1000e+01 1.3672e-01 2.5635e-03
325 2.8250e+01 1.4453e-01 3.9063e-03
326 3.1250e+01 8.5938e-02 3.9063e-03
327 3.9000e+01 1.0156e-01 -2.4414e-04
328 4.7000e+01 1.1719e-01 -2.6855e-03
329 3.9250e+01 1.1328e-01 -5.4932e-04
330 3.6000e+01 9.3750e-02 2.7466e-04
331 3.0000e+01 8.2031e-02 3.3264e-03
332 2.9500e+01 1.4453e-01 2.8076e-03
333 3.2000e+01 1.2891e-01 1.3428e-03
334 2.7000e+01 1.2891e-01 2.6855e-03
335 2.9250e+01 2.0313e-01 2.2888e-03
336 2.9250e+01 2.0313e-01 2.2888e-03
337 2.9250e+01 2.0313e-01 2.2888e-03
338 2.9250e+01 2.0313e-01 2.2888e-03
339 2.7000e+01 3.1250e-01 2.5024e-03
340 2.0750e+01 3.2031e-01 5.5542e-03
341 2.2750e+01 3.4766e-01 5.1880e-03
342 2.5000e+01 2.9297e-01 3.6011e-03
343 2.3500e+01 3.1641e-01 3.9368e-03
344 2.2000e+01 3.2422e-01 4.7607e-03
345 2.4500e+01 3.7109e-01 4.8218e-03
346 2.4000e+01 3.3594e-01 4.2419e-03
347 2.5250e+01 3.2422e-01 4.3945e-03
348 2.4500e+01 3.2813e-01 4.3030e-03
349 2.9500e+01 3.2813e-01 2.1973e-03
350 3.0500e+01 3.3203e-01 2.9907e-03
351 2.3500e+01 3.8672e-01 4.2419e-03
352 2.1250e+01 4.1406e-01 4.5471e-03
353 2.3000e+01 4.1406e-01 3.8452e-03
354 2.3250e+01 4.3750e-01 4.5471e-03
355 2.6500e+01 4.2188e-01 1.8005e-03
356 2.9250e+01 3.9063e-01 6.1035e-05
357 3.7500e+01 3.2031e-01 -8.5449e-04
358 2.6000e+01 3.2422e-01 2.8992e-03
359 3.2500e+01 3.3984e-01 4.2725e-04
360 3.1000e+01 2.7344e-01 1.8311e-03
361 3.0500e+01 3.2031e-01 2.2888e-03
362 2.8750e+01 3.1250e-01 2.6855e-03
363 2.8250e+01 3.0078e-01 2.6550e-03
364 2.6250e+01 2.9297e-01 3.3264e-03
365 2.4500e+01 3.2422e-01 4.3640e-03
